{
 "cells": [
  {
   "cell_type": "code",
   "execution_count": 102,
   "metadata": {},
   "outputs": [],
   "source": [
    "import numpy as np\n",
    "import pandas as pd\n",
    "from matplotlib import pyplot as plt\n",
    "from datetime import datetime, timedelta\n",
    "from scipy.optimize import minimize\n",
    "import pickle\n",
    "\n",
    "import warnings\n",
    "warnings.filterwarnings('ignore') # 경고 메세지 OFF\n"
   ]
  },
  {
   "cell_type": "markdown",
   "metadata": {},
   "source": [
    "#### 공분산 행렬 ∑ 구하기"
   ]
  },
  {
   "cell_type": "code",
   "execution_count": 103,
   "metadata": {},
   "outputs": [],
   "source": [
    "BTC = pd.read_csv(\"/home/user/exercise_j/GPT Project/LSTM/비트코인 과거 데이터.csv\")\n",
    "ETH = pd.read_csv(\"/home/user/exercise_j/GPT Project/LSTM/이더리움 과거 데이터.csv\")\n",
    "BNB = pd.read_csv(\"/home/user/exercise_j/GPT Project/LSTM/BNB 과거 데이터.csv\")\n",
    "DOT = pd.read_csv(\"/home/user/exercise_j/GPT Project/LSTM/Polkadot 과거 데이터.csv\")\n",
    "SOL = pd.read_csv(\"/home/user/exercise_j/GPT Project/LSTM/Solana 과거 데이터.csv\")\n",
    "FTT = pd.read_csv(\"/home/user/exercise_j/GPT Project/LSTM/FTX Token 과거 데이터.csv\")\n",
    "XRP = pd.read_csv(\"/home/user/exercise_j/GPT Project/LSTM/XRP 과거 데이터.csv\")\n",
    "UNI = pd.read_csv(\"/home/user/exercise_j/GPT Project/LSTM/Uniswap 과거 데이터.csv\")"
   ]
  },
  {
   "cell_type": "code",
   "execution_count": 104,
   "metadata": {},
   "outputs": [],
   "source": [
    "# 날짜 범위 정의\n",
    "start_date = pd.to_datetime('2023-01-01')\n",
    "end_date = pd.to_datetime('2023-12-31')\n",
    "\n",
    "# 데이터프레임과 티커 이름을 매핑\n",
    "ticker_dfs = {'BTC':BTC, 'ETH': ETH, 'BNB': BNB, 'DOT': DOT, 'SOL': SOL, 'FTT': FTT, 'XRP':XRP,'UNI':UNI}\n",
    "\n",
    "# 각 데이터프레임을 처리하고 결과를 저장\n",
    "filtered_dfs = {}\n",
    "for ticker, df in ticker_dfs.items():\n",
    "    # 필요없는 열 삭제\n",
    "    \n",
    "    del df['고가']\n",
    "    del df['시가']\n",
    "    del df['저가']\n",
    "    del df['거래량']\n",
    "    del df['종가']\n",
    "    # 날짜 열을 datetime 객체로 변환\n",
    "    df['created_at'] = pd.to_datetime(df['날짜'])\n",
    "    del df['날짜']\n",
    "    df['변동 %'] = df['변동 %'].str.replace('%', '').astype(float)\n",
    "    # 주어진 날짜 범위에 맞게 필터링\n",
    "    filtered_df2 = df[(df['created_at'] >= start_date) & (df['created_at'] <= end_date)]\n",
    "    filtered_df2.reset_index(drop=True, inplace=True)\n",
    "\n",
    "    # 필터링된 데이터프레임을 딕셔너리에 저장\n",
    "    filtered_dfs[ticker] = filtered_df2\n"
   ]
  },
  {
   "cell_type": "markdown",
   "metadata": {},
   "source": [
    "#### rolling window = 90일 (약 3개월)"
   ]
  },
  {
   "cell_type": "code",
   "execution_count": 105,
   "metadata": {},
   "outputs": [
    {
     "data": {
      "text/html": [
       "<div>\n",
       "<style scoped>\n",
       "    .dataframe tbody tr th:only-of-type {\n",
       "        vertical-align: middle;\n",
       "    }\n",
       "\n",
       "    .dataframe tbody tr th {\n",
       "        vertical-align: top;\n",
       "    }\n",
       "\n",
       "    .dataframe thead th {\n",
       "        text-align: right;\n",
       "    }\n",
       "</style>\n",
       "<table border=\"1\" class=\"dataframe\">\n",
       "  <thead>\n",
       "    <tr style=\"text-align: right;\">\n",
       "      <th></th>\n",
       "      <th>BTC</th>\n",
       "      <th>ETH</th>\n",
       "      <th>BNB</th>\n",
       "      <th>DOT</th>\n",
       "      <th>SOL</th>\n",
       "      <th>FTT</th>\n",
       "      <th>XRP</th>\n",
       "      <th>UNI</th>\n",
       "    </tr>\n",
       "  </thead>\n",
       "  <tbody>\n",
       "    <tr>\n",
       "      <th>BTC</th>\n",
       "      <td>7.056542</td>\n",
       "      <td>5.999678</td>\n",
       "      <td>4.187979</td>\n",
       "      <td>6.356822</td>\n",
       "      <td>7.165662</td>\n",
       "      <td>5.433051</td>\n",
       "      <td>4.284108</td>\n",
       "      <td>6.133995</td>\n",
       "    </tr>\n",
       "    <tr>\n",
       "      <th>ETH</th>\n",
       "      <td>5.999678</td>\n",
       "      <td>7.167361</td>\n",
       "      <td>3.756809</td>\n",
       "      <td>6.627809</td>\n",
       "      <td>7.132545</td>\n",
       "      <td>6.480126</td>\n",
       "      <td>5.264504</td>\n",
       "      <td>6.936754</td>\n",
       "    </tr>\n",
       "    <tr>\n",
       "      <th>BNB</th>\n",
       "      <td>4.187979</td>\n",
       "      <td>3.756809</td>\n",
       "      <td>4.541043</td>\n",
       "      <td>4.248445</td>\n",
       "      <td>4.596897</td>\n",
       "      <td>3.115467</td>\n",
       "      <td>2.630189</td>\n",
       "      <td>3.598256</td>\n",
       "    </tr>\n",
       "    <tr>\n",
       "      <th>DOT</th>\n",
       "      <td>6.356822</td>\n",
       "      <td>6.627809</td>\n",
       "      <td>4.248445</td>\n",
       "      <td>8.644491</td>\n",
       "      <td>8.900499</td>\n",
       "      <td>6.623212</td>\n",
       "      <td>6.167611</td>\n",
       "      <td>7.825017</td>\n",
       "    </tr>\n",
       "    <tr>\n",
       "      <th>SOL</th>\n",
       "      <td>7.165662</td>\n",
       "      <td>7.132545</td>\n",
       "      <td>4.596897</td>\n",
       "      <td>8.900499</td>\n",
       "      <td>13.453610</td>\n",
       "      <td>11.324153</td>\n",
       "      <td>5.855566</td>\n",
       "      <td>8.607845</td>\n",
       "    </tr>\n",
       "    <tr>\n",
       "      <th>FTT</th>\n",
       "      <td>5.433051</td>\n",
       "      <td>6.480126</td>\n",
       "      <td>3.115467</td>\n",
       "      <td>6.623212</td>\n",
       "      <td>11.324153</td>\n",
       "      <td>96.410120</td>\n",
       "      <td>4.864179</td>\n",
       "      <td>8.496966</td>\n",
       "    </tr>\n",
       "    <tr>\n",
       "      <th>XRP</th>\n",
       "      <td>4.284108</td>\n",
       "      <td>5.264504</td>\n",
       "      <td>2.630189</td>\n",
       "      <td>6.167611</td>\n",
       "      <td>5.855566</td>\n",
       "      <td>4.864179</td>\n",
       "      <td>15.797300</td>\n",
       "      <td>6.230843</td>\n",
       "    </tr>\n",
       "    <tr>\n",
       "      <th>UNI</th>\n",
       "      <td>6.133995</td>\n",
       "      <td>6.936754</td>\n",
       "      <td>3.598256</td>\n",
       "      <td>7.825017</td>\n",
       "      <td>8.607845</td>\n",
       "      <td>8.496966</td>\n",
       "      <td>6.230843</td>\n",
       "      <td>9.386485</td>\n",
       "    </tr>\n",
       "  </tbody>\n",
       "</table>\n",
       "</div>"
      ],
      "text/plain": [
       "          BTC       ETH       BNB       DOT        SOL        FTT        XRP  \\\n",
       "BTC  7.056542  5.999678  4.187979  6.356822   7.165662   5.433051   4.284108   \n",
       "ETH  5.999678  7.167361  3.756809  6.627809   7.132545   6.480126   5.264504   \n",
       "BNB  4.187979  3.756809  4.541043  4.248445   4.596897   3.115467   2.630189   \n",
       "DOT  6.356822  6.627809  4.248445  8.644491   8.900499   6.623212   6.167611   \n",
       "SOL  7.165662  7.132545  4.596897  8.900499  13.453610  11.324153   5.855566   \n",
       "FTT  5.433051  6.480126  3.115467  6.623212  11.324153  96.410120   4.864179   \n",
       "XRP  4.284108  5.264504  2.630189  6.167611   5.855566   4.864179  15.797300   \n",
       "UNI  6.133995  6.936754  3.598256  7.825017   8.607845   8.496966   6.230843   \n",
       "\n",
       "          UNI  \n",
       "BTC  6.133995  \n",
       "ETH  6.936754  \n",
       "BNB  3.598256  \n",
       "DOT  7.825017  \n",
       "SOL  8.607845  \n",
       "FTT  8.496966  \n",
       "XRP  6.230843  \n",
       "UNI  9.386485  "
      ]
     },
     "execution_count": 105,
     "metadata": {},
     "output_type": "execute_result"
    }
   ],
   "source": [
    "all_dates = pd.date_range(start=start_date, end=end_date, freq='D')\n",
    "returns = pd.DataFrame(index=all_dates)\n",
    "\n",
    "# 각 크립토의 '변동 %' 데이터를 새로운 데이터프레임에 추가\n",
    "for ticker, df in filtered_dfs.items():\n",
    "    df.set_index('created_at', inplace=True)  # 'created_at'을 인덱스로 설정\n",
    "    df = df.reindex(all_dates)  # 모든 날짜에 대해 데이터프레임을 재정렬\n",
    "    returns[ticker] = df['변동 %']\n",
    "    \n",
    "# 상관 계수 행렬    \n",
    "total_corr_matrix = returns.corr()\n",
    "\n",
    "# 롤링 창을 정의 (3개월, 대략 90일)\n",
    "rolling_window = 90\n",
    "\n",
    "# 날짜별로 공분산 행렬을 저장할 딕셔너리를 초기화\n",
    "rolling_cov_matrices = {}\n",
    "\n",
    "# 날짜별로 롤링 창을 적용하여 공분산 행렬을 계산\n",
    "for end_date in pd.date_range(start='2023-06-01', end='2023-12-31'):\n",
    "    start_date = end_date - pd.Timedelta(days=rolling_window)\n",
    "    rolling_window_df = returns[(returns.index >= start_date) & (returns.index <= end_date)]\n",
    "    rolling_cov_matrices[end_date] = rolling_window_df.cov()\n",
    "\n",
    "# 결과 확인 (특정 날짜의 공분산 행렬 예시 출력)\n",
    "rolling_cov_matrices[pd.to_datetime('2023-06-01')]"
   ]
  },
  {
   "cell_type": "code",
   "execution_count": 106,
   "metadata": {},
   "outputs": [
    {
     "data": {
      "text/html": [
       "<div>\n",
       "<style scoped>\n",
       "    .dataframe tbody tr th:only-of-type {\n",
       "        vertical-align: middle;\n",
       "    }\n",
       "\n",
       "    .dataframe tbody tr th {\n",
       "        vertical-align: top;\n",
       "    }\n",
       "\n",
       "    .dataframe thead th {\n",
       "        text-align: right;\n",
       "    }\n",
       "</style>\n",
       "<table border=\"1\" class=\"dataframe\">\n",
       "  <thead>\n",
       "    <tr style=\"text-align: right;\">\n",
       "      <th></th>\n",
       "      <th>BTC</th>\n",
       "      <th>ETH</th>\n",
       "      <th>BNB</th>\n",
       "      <th>DOT</th>\n",
       "      <th>SOL</th>\n",
       "      <th>FTT</th>\n",
       "      <th>XRP</th>\n",
       "      <th>UNI</th>\n",
       "    </tr>\n",
       "  </thead>\n",
       "  <tbody>\n",
       "    <tr>\n",
       "      <th>BTC</th>\n",
       "      <td>7.518721</td>\n",
       "      <td>6.316207</td>\n",
       "      <td>4.944566</td>\n",
       "      <td>6.553320</td>\n",
       "      <td>7.749243</td>\n",
       "      <td>5.421072</td>\n",
       "      <td>5.056206</td>\n",
       "      <td>6.324668</td>\n",
       "    </tr>\n",
       "    <tr>\n",
       "      <th>ETH</th>\n",
       "      <td>6.316207</td>\n",
       "      <td>7.382232</td>\n",
       "      <td>4.355233</td>\n",
       "      <td>6.748802</td>\n",
       "      <td>7.621945</td>\n",
       "      <td>6.420453</td>\n",
       "      <td>5.878632</td>\n",
       "      <td>7.066907</td>\n",
       "    </tr>\n",
       "    <tr>\n",
       "      <th>BNB</th>\n",
       "      <td>4.944566</td>\n",
       "      <td>4.355233</td>\n",
       "      <td>6.058457</td>\n",
       "      <td>4.867666</td>\n",
       "      <td>6.082451</td>\n",
       "      <td>3.689109</td>\n",
       "      <td>3.463472</td>\n",
       "      <td>4.346047</td>\n",
       "    </tr>\n",
       "    <tr>\n",
       "      <th>DOT</th>\n",
       "      <td>6.553320</td>\n",
       "      <td>6.748802</td>\n",
       "      <td>4.867666</td>\n",
       "      <td>8.640445</td>\n",
       "      <td>9.129247</td>\n",
       "      <td>6.232481</td>\n",
       "      <td>6.773492</td>\n",
       "      <td>7.816572</td>\n",
       "    </tr>\n",
       "    <tr>\n",
       "      <th>SOL</th>\n",
       "      <td>7.749243</td>\n",
       "      <td>7.621945</td>\n",
       "      <td>6.082451</td>\n",
       "      <td>9.129247</td>\n",
       "      <td>14.260396</td>\n",
       "      <td>11.352234</td>\n",
       "      <td>7.120777</td>\n",
       "      <td>8.975412</td>\n",
       "    </tr>\n",
       "    <tr>\n",
       "      <th>FTT</th>\n",
       "      <td>5.421072</td>\n",
       "      <td>6.420453</td>\n",
       "      <td>3.689109</td>\n",
       "      <td>6.232481</td>\n",
       "      <td>11.352234</td>\n",
       "      <td>95.901329</td>\n",
       "      <td>6.065219</td>\n",
       "      <td>8.133680</td>\n",
       "    </tr>\n",
       "    <tr>\n",
       "      <th>XRP</th>\n",
       "      <td>5.056206</td>\n",
       "      <td>5.878632</td>\n",
       "      <td>3.463472</td>\n",
       "      <td>6.773492</td>\n",
       "      <td>7.120777</td>\n",
       "      <td>6.065219</td>\n",
       "      <td>16.397286</td>\n",
       "      <td>6.849676</td>\n",
       "    </tr>\n",
       "    <tr>\n",
       "      <th>UNI</th>\n",
       "      <td>6.324668</td>\n",
       "      <td>7.066907</td>\n",
       "      <td>4.346047</td>\n",
       "      <td>7.816572</td>\n",
       "      <td>8.975412</td>\n",
       "      <td>8.133680</td>\n",
       "      <td>6.849676</td>\n",
       "      <td>9.273910</td>\n",
       "    </tr>\n",
       "  </tbody>\n",
       "</table>\n",
       "</div>"
      ],
      "text/plain": [
       "          BTC       ETH       BNB       DOT        SOL        FTT        XRP  \\\n",
       "BTC  7.518721  6.316207  4.944566  6.553320   7.749243   5.421072   5.056206   \n",
       "ETH  6.316207  7.382232  4.355233  6.748802   7.621945   6.420453   5.878632   \n",
       "BNB  4.944566  4.355233  6.058457  4.867666   6.082451   3.689109   3.463472   \n",
       "DOT  6.553320  6.748802  4.867666  8.640445   9.129247   6.232481   6.773492   \n",
       "SOL  7.749243  7.621945  6.082451  9.129247  14.260396  11.352234   7.120777   \n",
       "FTT  5.421072  6.420453  3.689109  6.232481  11.352234  95.901329   6.065219   \n",
       "XRP  5.056206  5.878632  3.463472  6.773492   7.120777   6.065219  16.397286   \n",
       "UNI  6.324668  7.066907  4.346047  7.816572   8.975412   8.133680   6.849676   \n",
       "\n",
       "          UNI  \n",
       "BTC  6.324668  \n",
       "ETH  7.066907  \n",
       "BNB  4.346047  \n",
       "DOT  7.816572  \n",
       "SOL  8.975412  \n",
       "FTT  8.133680  \n",
       "XRP  6.849676  \n",
       "UNI  9.273910  "
      ]
     },
     "execution_count": 106,
     "metadata": {},
     "output_type": "execute_result"
    }
   ],
   "source": [
    "rolling_cov_matrices[pd.to_datetime('2023-06-07')]"
   ]
  },
  {
   "cell_type": "markdown",
   "metadata": {},
   "source": [
    "#### 상관계수 행렬(2023.06.01 ~ 2023.12.31 기간의 평균)"
   ]
  },
  {
   "cell_type": "code",
   "execution_count": 107,
   "metadata": {},
   "outputs": [
    {
     "data": {
      "text/html": [
       "<div>\n",
       "<style scoped>\n",
       "    .dataframe tbody tr th:only-of-type {\n",
       "        vertical-align: middle;\n",
       "    }\n",
       "\n",
       "    .dataframe tbody tr th {\n",
       "        vertical-align: top;\n",
       "    }\n",
       "\n",
       "    .dataframe thead th {\n",
       "        text-align: right;\n",
       "    }\n",
       "</style>\n",
       "<table border=\"1\" class=\"dataframe\">\n",
       "  <thead>\n",
       "    <tr style=\"text-align: right;\">\n",
       "      <th></th>\n",
       "      <th>BTC</th>\n",
       "      <th>ETH</th>\n",
       "      <th>BNB</th>\n",
       "      <th>DOT</th>\n",
       "      <th>SOL</th>\n",
       "      <th>FTT</th>\n",
       "      <th>XRP</th>\n",
       "      <th>UNI</th>\n",
       "    </tr>\n",
       "  </thead>\n",
       "  <tbody>\n",
       "    <tr>\n",
       "      <th>BTC</th>\n",
       "      <td>1.000000</td>\n",
       "      <td>0.826453</td>\n",
       "      <td>0.622888</td>\n",
       "      <td>0.674377</td>\n",
       "      <td>0.609722</td>\n",
       "      <td>0.269420</td>\n",
       "      <td>0.397313</td>\n",
       "      <td>0.577548</td>\n",
       "    </tr>\n",
       "    <tr>\n",
       "      <th>ETH</th>\n",
       "      <td>0.826453</td>\n",
       "      <td>1.000000</td>\n",
       "      <td>0.640357</td>\n",
       "      <td>0.670241</td>\n",
       "      <td>0.609124</td>\n",
       "      <td>0.327955</td>\n",
       "      <td>0.468341</td>\n",
       "      <td>0.660816</td>\n",
       "    </tr>\n",
       "    <tr>\n",
       "      <th>BNB</th>\n",
       "      <td>0.622888</td>\n",
       "      <td>0.640357</td>\n",
       "      <td>1.000000</td>\n",
       "      <td>0.588668</td>\n",
       "      <td>0.481504</td>\n",
       "      <td>0.196798</td>\n",
       "      <td>0.353828</td>\n",
       "      <td>0.550025</td>\n",
       "    </tr>\n",
       "    <tr>\n",
       "      <th>DOT</th>\n",
       "      <td>0.674377</td>\n",
       "      <td>0.670241</td>\n",
       "      <td>0.588668</td>\n",
       "      <td>1.000000</td>\n",
       "      <td>0.688124</td>\n",
       "      <td>0.275992</td>\n",
       "      <td>0.412441</td>\n",
       "      <td>0.675656</td>\n",
       "    </tr>\n",
       "    <tr>\n",
       "      <th>SOL</th>\n",
       "      <td>0.609722</td>\n",
       "      <td>0.609124</td>\n",
       "      <td>0.481504</td>\n",
       "      <td>0.688124</td>\n",
       "      <td>1.000000</td>\n",
       "      <td>0.454210</td>\n",
       "      <td>0.387294</td>\n",
       "      <td>0.569024</td>\n",
       "    </tr>\n",
       "    <tr>\n",
       "      <th>FTT</th>\n",
       "      <td>0.269420</td>\n",
       "      <td>0.327955</td>\n",
       "      <td>0.196798</td>\n",
       "      <td>0.275992</td>\n",
       "      <td>0.454210</td>\n",
       "      <td>1.000000</td>\n",
       "      <td>0.100917</td>\n",
       "      <td>0.264161</td>\n",
       "    </tr>\n",
       "    <tr>\n",
       "      <th>XRP</th>\n",
       "      <td>0.397313</td>\n",
       "      <td>0.468341</td>\n",
       "      <td>0.353828</td>\n",
       "      <td>0.412441</td>\n",
       "      <td>0.387294</td>\n",
       "      <td>0.100917</td>\n",
       "      <td>1.000000</td>\n",
       "      <td>0.418304</td>\n",
       "    </tr>\n",
       "    <tr>\n",
       "      <th>UNI</th>\n",
       "      <td>0.577548</td>\n",
       "      <td>0.660816</td>\n",
       "      <td>0.550025</td>\n",
       "      <td>0.675656</td>\n",
       "      <td>0.569024</td>\n",
       "      <td>0.264161</td>\n",
       "      <td>0.418304</td>\n",
       "      <td>1.000000</td>\n",
       "    </tr>\n",
       "  </tbody>\n",
       "</table>\n",
       "</div>"
      ],
      "text/plain": [
       "          BTC       ETH       BNB       DOT       SOL       FTT       XRP  \\\n",
       "BTC  1.000000  0.826453  0.622888  0.674377  0.609722  0.269420  0.397313   \n",
       "ETH  0.826453  1.000000  0.640357  0.670241  0.609124  0.327955  0.468341   \n",
       "BNB  0.622888  0.640357  1.000000  0.588668  0.481504  0.196798  0.353828   \n",
       "DOT  0.674377  0.670241  0.588668  1.000000  0.688124  0.275992  0.412441   \n",
       "SOL  0.609722  0.609124  0.481504  0.688124  1.000000  0.454210  0.387294   \n",
       "FTT  0.269420  0.327955  0.196798  0.275992  0.454210  1.000000  0.100917   \n",
       "XRP  0.397313  0.468341  0.353828  0.412441  0.387294  0.100917  1.000000   \n",
       "UNI  0.577548  0.660816  0.550025  0.675656  0.569024  0.264161  0.418304   \n",
       "\n",
       "          UNI  \n",
       "BTC  0.577548  \n",
       "ETH  0.660816  \n",
       "BNB  0.550025  \n",
       "DOT  0.675656  \n",
       "SOL  0.569024  \n",
       "FTT  0.264161  \n",
       "XRP  0.418304  \n",
       "UNI  1.000000  "
      ]
     },
     "execution_count": 107,
     "metadata": {},
     "output_type": "execute_result"
    }
   ],
   "source": [
    "total_corr_matrix"
   ]
  },
  {
   "cell_type": "markdown",
   "metadata": {},
   "source": [
    "### H : the vector of implied excess-returns(내재수익률) 구하기\n",
    "#### H=λΣx(Benchmark)\n",
    "##### λ = 1 \n",
    "\n",
    "(\"xBenchmark is set to the global minimum-variance portfolio as in Bessler et al. (2017), and many others. Since we maximize the Sharpe ratio, the parameter λ is set to unity.\")"
   ]
  },
  {
   "cell_type": "markdown",
   "metadata": {},
   "source": [
    "#### x(Benchmark) = Minimum Variance Portfolio 구하기"
   ]
  },
  {
   "cell_type": "markdown",
   "metadata": {},
   "source": [
    "### 라그랑주 함수\n",
    "라그랑주 함수 \\( L \\)는 다음과 같이 정의됩니다:\n",
    "\n",
    "$$\n",
    "L(w, \\lambda) = w^T \\Sigma w - \\lambda \\left( \\sum_{i} w_i - 1 \\right)\n",
    "$$\n",
    "\n",
    "여기서 $$\\lambda $$ 는 라그랑주 승수이며, 제약 조건 $$\\sum_{i} w_i = 1\\ $$을 반영합니다.\n",
    "\n",
    "### 최적화\n",
    "이제 \\( L \\)을 \\( w \\)와 \\( \\lambda \\)에 대해 미분하여 최적 조건을 찾습니다. 먼저 \\( w \\)에 대해 미분합니다:\n",
    "\n",
    "$$\n",
    "\\frac{\\partial L}{\\partial w} = 2 \\Sigma w - \\lambda \\mathbf{1} = 0\n",
    "$$\n",
    "\n",
    "여기서 \\( \\mathbf{1} \\)은 모든 요소가 1인 벡터입니다. 이 식을 \\( w \\)에 대해 정리하면:\n",
    "\n",
    "$$\n",
    "w = \\frac{1}{2} \\Sigma^{-1} \\lambda \\mathbf{1}\n",
    "$$\n",
    "\n",
    "다음으로, \\( \\lambda \\)에 대해 미분하고, 조건 \\( \\sum_{i} w_i = 1 \\)을 사용하여 \\( \\lambda \\)를 구합니다:\n",
    "\n",
    "$$\n",
    "\\frac{\\partial L}{\\partial \\lambda} = -\\sum_{i} w_i + 1 = 0\n",
    "$$\n",
    "\n",
    "$$\n",
    "\\Rightarrow \\sum_{i} w_i = 1\n",
    "$$\n",
    "\n",
    "이를 위의 \\( w \\)에 대한 식에 대입하여 \\( \\lambda \\)를 구합니다. 이를 통해 최종 가중치 \\( w \\)를 구할 수 있습니다.\n"
   ]
  },
  {
   "cell_type": "code",
   "execution_count": 108,
   "metadata": {},
   "outputs": [
    {
     "data": {
      "text/plain": [
       "array([ 0.49371237,  0.0680383 ,  0.29831767, -0.05120927, -0.06359903,\n",
       "        0.00356313,  0.25560524, -0.0044284 ])"
      ]
     },
     "execution_count": 108,
     "metadata": {},
     "output_type": "execute_result"
    }
   ],
   "source": [
    "# 모든 기간 동안의 최소 변동성 포트폴리오 가중치 계산을 위한 코드\n",
    "\n",
    "# 가중치를 저장할 딕셔너리\n",
    "min_variance_weights = {}\n",
    "\n",
    "# 각 날짜에 대해 최소 변동성 포트폴리오 가중치 계산\n",
    "for date in rolling_cov_matrices.keys():\n",
    "    cov_matrix = rolling_cov_matrices[date]\n",
    "    \n",
    "    # 공분산 행렬의 역행렬 계산\n",
    "    inv_cov_matrix = np.linalg.inv(cov_matrix)\n",
    "\n",
    "    # 모든 자산에 대해 1을 포함하는 벡터 생성\n",
    "    ones = np.ones(len(inv_cov_matrix))\n",
    "\n",
    "    # 라그랑주 승수법을 사용하여 가중치 계산\n",
    "    weights = inv_cov_matrix.dot(ones) / ones.dot(inv_cov_matrix).dot(ones)\n",
    "\n",
    "    # 결과 저장\n",
    "    min_variance_weights[date] = weights\n",
    "\n",
    "# 결과 확인 (2023-12-31의 가중치 예시 출력)\n",
    "min_variance_weights[pd.to_datetime('2023-12-31')]\n",
    "\n"
   ]
  },
  {
   "cell_type": "markdown",
   "metadata": {},
   "source": [
    "#### 가중치는 0 보다 크거나 같아야 함 => 제약 조건 추가"
   ]
  },
  {
   "cell_type": "code",
   "execution_count": 109,
   "metadata": {},
   "outputs": [],
   "source": [
    "def min_variance(weights, cov_matrix):\n",
    "    return weights.T @ cov_matrix @ weights\n",
    "\n",
    "def get_min_variance_weights(cov_matrix):\n",
    "    num_assets = len(cov_matrix)\n",
    "    initial_guess = np.ones(num_assets) / num_assets\n",
    "    bounds = [(0, 1) for _ in range(num_assets)]\n",
    "    constraints = ({'type': 'eq', 'fun': lambda x: np.sum(x) - 1})\n",
    "    result = minimize(min_variance, initial_guess, args=(cov_matrix,), method='SLSQP', bounds=bounds, constraints=constraints)\n",
    "    return result.x"
   ]
  },
  {
   "cell_type": "code",
   "execution_count": 110,
   "metadata": {},
   "outputs": [
    {
     "data": {
      "text/plain": [
       "array([3.04929199e-01, 9.77633733e-02, 4.25393871e-01, 6.28381800e-14,\n",
       "       8.14489255e-14, 0.00000000e+00, 1.71913557e-01, 4.68991677e-14])"
      ]
     },
     "execution_count": 110,
     "metadata": {},
     "output_type": "execute_result"
    }
   ],
   "source": [
    "# 예시: 특정 날짜의 최소 변동성 포트폴리오 가중치 계산\n",
    "cov_matrix = rolling_cov_matrices[pd.to_datetime('2023-12-21')]\n",
    "weights = get_min_variance_weights(cov_matrix)\n",
    "weights\n"
   ]
  },
  {
   "cell_type": "markdown",
   "metadata": {},
   "source": [
    "### H : the vector of implied excess-returns(내재수익률) 계산\n",
    "\n",
    "#### H=λΣx(Benchmark)"
   ]
  },
  {
   "cell_type": "code",
   "execution_count": 111,
   "metadata": {},
   "outputs": [
    {
     "data": {
      "text/plain": [
       "BTC    3.813585\n",
       "ETH    3.813585\n",
       "BNB    3.813585\n",
       "DOT    4.934640\n",
       "SOL    5.837033\n",
       "FTT    5.645042\n",
       "XRP    3.813585\n",
       "UNI    4.343151\n",
       "dtype: float64"
      ]
     },
     "execution_count": 111,
     "metadata": {},
     "output_type": "execute_result"
    }
   ],
   "source": [
    "lambda_value = 1  # 위험 회피 계수\n",
    "H_vectors = {}  # 날짜별 H 벡터를 저장할 딕셔너리\n",
    "\n",
    "for date in rolling_cov_matrices.keys():\n",
    "    cov_matrix = rolling_cov_matrices[date]\n",
    "    x_benchmark = get_min_variance_weights(cov_matrix)  # 여기서 괄호 사용\n",
    "    H_vector = lambda_value * cov_matrix.dot(x_benchmark)\n",
    "    H_vectors[date] = H_vector\n",
    "\n",
    "# 결과 확인 (특정 날짜의 H 벡터 예시 출력)\n",
    "H_vectors[pd.to_datetime('2023-12-31')]\n"
   ]
  },
  {
   "cell_type": "code",
   "execution_count": 112,
   "metadata": {},
   "outputs": [
    {
     "data": {
      "text/plain": [
       "BTC    3.261918\n",
       "ETH    3.261918\n",
       "BNB    3.261918\n",
       "DOT    4.023379\n",
       "SOL    5.642051\n",
       "FTT    4.653299\n",
       "XRP    3.261918\n",
       "UNI    4.409061\n",
       "dtype: float64"
      ]
     },
     "execution_count": 112,
     "metadata": {},
     "output_type": "execute_result"
    }
   ],
   "source": [
    "H_vectors[pd.to_datetime('2023-12-11')]"
   ]
  },
  {
   "cell_type": "markdown",
   "metadata": {},
   "source": [
    "### Ω 행렬 구하기\n",
    "\n",
    "$$\n",
    "\\Omega = \\frac{1}{\\delta} P \\Sigma P^T\n",
    "$$\n",
    "\n",
    "where 1/δ is set to unity(=1) as in Meucci (2010)"
   ]
  },
  {
   "cell_type": "code",
   "execution_count": 113,
   "metadata": {},
   "outputs": [
    {
     "data": {
      "text/plain": [
       "array([[ 7.05654234,  5.99967789,  4.187979  ,  6.35682187,  7.16566221,\n",
       "         5.43305104,  4.28410753,  6.13399536],\n",
       "       [ 5.99967789,  7.1673611 ,  3.75680888,  6.62780868,  7.13254543,\n",
       "         6.48012593,  5.26450422,  6.9367536 ],\n",
       "       [ 4.187979  ,  3.75680888,  4.54104332,  4.24844535,  4.59689654,\n",
       "         3.11546705,  2.63018867,  3.59825582],\n",
       "       [ 6.35682187,  6.62780868,  4.24844535,  8.64449092,  8.90049904,\n",
       "         6.62321199,  6.16761071,  7.82501679],\n",
       "       [ 7.16566221,  7.13254543,  4.59689654,  8.90049904, 13.45360989,\n",
       "        11.32415267,  5.85556558,  8.60784491],\n",
       "       [ 5.43305104,  6.48012593,  3.11546705,  6.62321199, 11.32415267,\n",
       "        96.41012049,  4.86417904,  8.49696612],\n",
       "       [ 4.28410753,  5.26450422,  2.63018867,  6.16761071,  5.85556558,\n",
       "         4.86417904, 15.79730049,  6.23084261],\n",
       "       [ 6.13399536,  6.9367536 ,  3.59825582,  7.82501679,  8.60784491,\n",
       "         8.49696612,  6.23084261,  9.3864852 ]])"
      ]
     },
     "execution_count": 113,
     "metadata": {},
     "output_type": "execute_result"
    }
   ],
   "source": [
    "delta_value = 1  # where 1/δ is set to unity(=1) as in Meucci (2010)\n",
    "Omega_Matrice = {} \n",
    "num_assets = len(cov_matrix)\n",
    "P = np.eye(num_assets) # NxN 대각행렬 생성\n",
    "\n",
    "for date in rolling_cov_matrices.keys():\n",
    "    cov_matrix = rolling_cov_matrices[date]\n",
    "    Omega_Matrix= (1 / delta_value) * P.dot(cov_matrix).dot(P.T)\n",
    "    Omega_Matrice[date] = Omega_Matrix\n",
    "\n",
    "\n",
    "Omega_Matrice[pd.to_datetime('2023-06-01')]"
   ]
  },
  {
   "cell_type": "code",
   "execution_count": 114,
   "metadata": {},
   "outputs": [
    {
     "data": {
      "text/plain": [
       "array([[  5.09253741,   4.02205433,   2.4322041 ,   5.20411613,\n",
       "          7.3298695 ,   7.6496283 ,   2.97134287,   4.5062922 ],\n",
       "       [  4.02205433,   6.22552408,   2.67965256,   5.08627784,\n",
       "          6.75474796,  11.25919249,   3.00470919,   5.59147066],\n",
       "       [  2.4322041 ,   2.67965256,   4.75355316,   4.83251068,\n",
       "          5.91350538,   4.23526701,   2.70926342,   4.32667983],\n",
       "       [  5.20411613,   5.08627784,   4.83251068,  16.58504425,\n",
       "         14.73677053,  11.63597847,   5.1613368 ,  10.06791989],\n",
       "       [  7.3298695 ,   6.75474796,   5.91350538,  14.73677053,\n",
       "         33.90778269,  42.02658098,   5.92623818,  11.534663  ],\n",
       "       [  7.6496283 ,  11.25919249,   4.23526701,  11.63597847,\n",
       "         42.02658098, 200.50266884,   1.34714015,  14.62578574],\n",
       "       [  2.97134287,   3.00470919,   2.70926342,   5.1613368 ,\n",
       "          5.92623818,   1.34714015,   6.62665067,   5.29475501],\n",
       "       [  4.5062922 ,   5.59147066,   4.32667983,  10.06791989,\n",
       "         11.534663  ,  14.62578574,   5.29475501,  17.55831348]])"
      ]
     },
     "execution_count": 114,
     "metadata": {},
     "output_type": "execute_result"
    }
   ],
   "source": [
    "Omega_Matrice[pd.to_datetime('2023-12-21')]"
   ]
  },
  {
   "cell_type": "markdown",
   "metadata": {},
   "source": [
    "#### 블랙리터만 포트폴리오 수익률 구하기\n",
    "\n",
    "### \n",
    "$$\n",
    "\\mu_{BL} = \\left[(c\\Sigma)^{-1} + P^T \\Omega^{-1} P \\right]^{-1} \\left[(c\\Sigma)^{-1} H + P^T \\Omega^{-1} Q \\right]\n",
    "$$\n",
    "\n",
    "('We also follow Platanakis and Sutcliffe (2017) and set the parameter c, which represents the overall level of confidence in the implied asset returns, to 0.1625')\n",
    "\n",
    "$c = 0.1625$"
   ]
  },
  {
   "cell_type": "markdown",
   "metadata": {},
   "source": [
    "##### $Q$ (투자자 견해가 반영된 예상 수익률) 가져오기\n",
    "##### from '/home/user/exercise_j/GPT Project/Sentiment-Portfolio-Asset-allocation/Crypto_ECM-LSTM/ECM-LSTM_V2_10000Tweets.ipynb'"
   ]
  },
  {
   "cell_type": "code",
   "execution_count": 115,
   "metadata": {},
   "outputs": [],
   "source": [
    "# Q 벡터를 pickle 파일에서 불러오기\n",
    "with open('q_vector.pkl', 'rb') as f:\n",
    "    Q = pickle.load(f)"
   ]
  },
  {
   "cell_type": "code",
   "execution_count": 116,
   "metadata": {},
   "outputs": [
    {
     "data": {
      "text/plain": [
       "[[[0.06809842586517334]],\n",
       " [[0.06977349519729614]],\n",
       " [[0.052194222807884216]],\n",
       " [[0.05211959406733513]],\n",
       " [[0.051402680575847626]],\n",
       " [[0.054081760346889496]],\n",
       " [[0.06549876928329468]],\n",
       " [[0.06056344136595726]],\n",
       " [[0.06917645782232285]],\n",
       " [[0.070229172706604]],\n",
       " [[0.06674721837043762]],\n",
       " [[0.04867780581116676]],\n",
       " [[0.04295776039361954]],\n",
       " [[0.051804207265377045]],\n",
       " [[0.05933708697557449]],\n",
       " [[0.06483125686645508]],\n",
       " [[0.059102658182382584]],\n",
       " [[0.058033689856529236]],\n",
       " [[0.052924539893865585]],\n",
       " [[0.07010584324598312]],\n",
       " [[0.03297090902924538]],\n",
       " [[0.08049101382493973]],\n",
       " [[0.07162614911794662]],\n",
       " [[0.06636133044958115]],\n",
       " [[0.06844332814216614]],\n",
       " [[0.0491013303399086]],\n",
       " [[0.05468662083148956]],\n",
       " [[0.03983336314558983]],\n",
       " [[0.05947922542691231]],\n",
       " [[0.05170416086912155]],\n",
       " [[0.04068457707762718]],\n",
       " [[0.054725803434848785]],\n",
       " [[0.044901903718709946]],\n",
       " [[0.04113912954926491]],\n",
       " [[0.036324385553598404]],\n",
       " [[0.047669172286987305]],\n",
       " [[0.06067440286278725]],\n",
       " [[0.038519714027643204]],\n",
       " [[0.04622766003012657]],\n",
       " [[0.029527917504310608]],\n",
       " [[0.01725434511899948]],\n",
       " [[0.028525374829769135]],\n",
       " [[0.04144283011555672]],\n",
       " [[0.034301742911338806]],\n",
       " [[0.025022204965353012]],\n",
       " [[0.012368041090667248]],\n",
       " [[0.03370170667767525]],\n",
       " [[0.018926376476883888]],\n",
       " [[0.026989977806806564]],\n",
       " [[0.03671059012413025]],\n",
       " [[0.04791036248207092]],\n",
       " [[0.022047240287065506]],\n",
       " [[0.003435881109908223]],\n",
       " [[0.029501955956220627]],\n",
       " [[0.022634269669651985]],\n",
       " [[0.02886815555393696]],\n",
       " [[0.016904911026358604]],\n",
       " [[0.03438016399741173]],\n",
       " [[0.024560295045375824]],\n",
       " [[0.009801618754863739]],\n",
       " [[0.008452900685369968]],\n",
       " [[0.020401794463396072]],\n",
       " [[0.01709425449371338]],\n",
       " [[0.02771563082933426]],\n",
       " [[0.028987199068069458]],\n",
       " [[0.015175819396972656]],\n",
       " [[0.0058768559247255325]],\n",
       " [[0.010079864412546158]],\n",
       " [[-0.014826681464910507]],\n",
       " [[-0.015891525894403458]],\n",
       " [[0.0084121935069561]],\n",
       " [[0.010753382928669453]],\n",
       " [[-0.007689848076552153]],\n",
       " [[-0.0013198695378378034]],\n",
       " [[0.006626549642533064]],\n",
       " [[-0.0024454933591187]],\n",
       " [[-0.010962444357573986]],\n",
       " [[0.007193500176072121]],\n",
       " [[0.007976430468261242]],\n",
       " [[0.0009234070894308388]],\n",
       " [[0.00516969058662653]],\n",
       " [[-0.003198684426024556]],\n",
       " [[-0.003500169375911355]],\n",
       " [[-0.006326962262392044]],\n",
       " [[0.012901172041893005]],\n",
       " [[0.016469115391373634]],\n",
       " [[0.0076584178023040295]],\n",
       " [[0.0008909809403121471]],\n",
       " [[0.005721828434616327]],\n",
       " [[0.012555931694805622]],\n",
       " [[-0.004842137452214956]],\n",
       " [[0.014288332313299179]],\n",
       " [[0.019858984276652336]],\n",
       " [[0.015360420569777489]],\n",
       " [[0.012819494120776653]],\n",
       " [[-0.0056473142467439175]],\n",
       " [[0.006433797534555197]],\n",
       " [[0.0018049629870802164]],\n",
       " [[0.010009216144680977]],\n",
       " [[0.012209179811179638]],\n",
       " [[0.004498994443565607]],\n",
       " [[-0.0015317321522161365]],\n",
       " [[0.0019175164634361863]],\n",
       " [[0.00838299747556448]],\n",
       " [[-0.0017267687944695354]],\n",
       " [[0.007762626279145479]],\n",
       " [[0.011408362537622452]],\n",
       " [[0.011936463415622711]],\n",
       " [[0.024474844336509705]],\n",
       " [[0.003182693850249052]],\n",
       " [[-0.007832108065485954]],\n",
       " [[-0.01790468953549862]],\n",
       " [[0.0012349035823717713]],\n",
       " [[0.02386186271905899]],\n",
       " [[0.00480649946257472]],\n",
       " [[0.005088083446025848]],\n",
       " [[0.003980017267167568]],\n",
       " [[0.009685520082712173]],\n",
       " [[0.009981673210859299]],\n",
       " [[0.015388304367661476]],\n",
       " [[0.015847008675336838]],\n",
       " [[-0.0007279797573573887]],\n",
       " [[0.015380078926682472]],\n",
       " [[0.01798388920724392]],\n",
       " [[-0.0012564657954499125]],\n",
       " [[0.008965486660599709]],\n",
       " [[0.019725404679775238]],\n",
       " [[0.01867203786969185]],\n",
       " [[0.008673012256622314]],\n",
       " [[0.008584106341004372]],\n",
       " [[-0.00331889814697206]],\n",
       " [[-0.011943911202251911]],\n",
       " [[0.007566199172288179]],\n",
       " [[0.01641068421304226]],\n",
       " [[0.00931763555854559]],\n",
       " [[-0.01776350475847721]],\n",
       " [[-0.01544331293553114]],\n",
       " [[0.031822096556425095]],\n",
       " [[0.03128014877438545]],\n",
       " [[0.0319678969681263]],\n",
       " [[0.033507853746414185]],\n",
       " [[0.04125063121318817]],\n",
       " [[0.03356921672821045]],\n",
       " [[0.03151222690939903]],\n",
       " [[0.03276054188609123]],\n",
       " [[0.026930013671517372]],\n",
       " [[0.02473725937306881]],\n",
       " [[0.0374668650329113]],\n",
       " [[0.036532964557409286]],\n",
       " [[0.05190892890095711]],\n",
       " [[0.026744166389107704]],\n",
       " [[0.026978226378560066]],\n",
       " [[0.018269073218107224]],\n",
       " [[0.03244514390826225]],\n",
       " [[0.03290463611483574]],\n",
       " [[0.0432061031460762]],\n",
       " [[0.039077527821063995]],\n",
       " [[0.03331370651721954]],\n",
       " [[0.02678826078772545]],\n",
       " [[0.033460188657045364]],\n",
       " [[0.022374974563717842]],\n",
       " [[0.03666467219591141]],\n",
       " [[0.03569919243454933]],\n",
       " [[0.03603387996554375]],\n",
       " [[0.05050148814916611]],\n",
       " [[0.03139464557170868]],\n",
       " [[0.03018966130912304]],\n",
       " [[0.030977152287960052]],\n",
       " [[0.03979966416954994]],\n",
       " [[0.04281345754861832]],\n",
       " [[0.014063168317079544]],\n",
       " [[0.014930769801139832]],\n",
       " [[0.02605721913278103]],\n",
       " [[0.03405067324638367]],\n",
       " [[0.028113801032304764]],\n",
       " [[0.035870302468538284]],\n",
       " [[0.03628022223711014]],\n",
       " [[0.02832641266286373]],\n",
       " [[0.010652956552803516]],\n",
       " [[0.030065804719924927]],\n",
       " [[0.03955300897359848]],\n",
       " [[0.030498599633574486]],\n",
       " [[0.03290639445185661]],\n",
       " [[0.03895654156804085]],\n",
       " [[-0.0006227927515283227]],\n",
       " [[0.02722456492483616]],\n",
       " [[0.018013693392276764]],\n",
       " [[0.021515097469091415]],\n",
       " [[0.010394353419542313]],\n",
       " [[0.023192018270492554]],\n",
       " [[0.03280043229460716]],\n",
       " [[0.017670704051852226]],\n",
       " [[0.02839464507997036]],\n",
       " [[0.003469949821010232]],\n",
       " [[0.01669175922870636]],\n",
       " [[0.015081253834068775]],\n",
       " [[0.020475290715694427]],\n",
       " [[0.015808193013072014]],\n",
       " [[0.007834002375602722]],\n",
       " [[-0.0015146963996812701]],\n",
       " [[-0.006618214305490255]],\n",
       " [[0.013805126771330833]],\n",
       " [[0.011244910769164562]],\n",
       " [[0.018890172243118286]],\n",
       " [[-0.016069822013378143]],\n",
       " [[0.036365289241075516]],\n",
       " [[0.05119981989264488]],\n",
       " [[0.010292147286236286]],\n",
       " [[0.01165179442614317]],\n",
       " [[-0.0002549444616306573]],\n",
       " [[0.035434190183877945]],\n",
       " [[0.03712529316544533]],\n",
       " [[0.026767710223793983]],\n",
       " [[0.025885092094540596]]]"
      ]
     },
     "execution_count": 116,
     "metadata": {},
     "output_type": "execute_result"
    }
   ],
   "source": [
    "Q['ETH']"
   ]
  },
  {
   "cell_type": "markdown",
   "metadata": {},
   "source": [
    "#### 계산을 위해 알맞게 형태 변환"
   ]
  },
  {
   "cell_type": "code",
   "execution_count": 117,
   "metadata": {},
   "outputs": [
    {
     "data": {
      "text/html": [
       "<div>\n",
       "<style scoped>\n",
       "    .dataframe tbody tr th:only-of-type {\n",
       "        vertical-align: middle;\n",
       "    }\n",
       "\n",
       "    .dataframe tbody tr th {\n",
       "        vertical-align: top;\n",
       "    }\n",
       "\n",
       "    .dataframe thead th {\n",
       "        text-align: right;\n",
       "    }\n",
       "</style>\n",
       "<table border=\"1\" class=\"dataframe\">\n",
       "  <thead>\n",
       "    <tr style=\"text-align: right;\">\n",
       "      <th></th>\n",
       "      <th>2023-06-01</th>\n",
       "      <th>2023-06-02</th>\n",
       "      <th>2023-06-03</th>\n",
       "      <th>2023-06-04</th>\n",
